10115443
10115444
10115445
10115446
10115447
10115448
10115449
10115450
10115451
10115452
10115453
10115454
10115455
10115456
10115457
10115458
10115459
10115460
10115461
10115462
10115463
10115464
10115465
10115466
10115467
10115468
10115469
10115470
10115471
10115472
10115473
10115474
10115475
10115476
10115477
10115478
10115479
10115480
10115481
10115482
10115483
10115484
10115485
10115486
10115487
10115488
10115489
10115490
10115491
10115492
10115493
10115494
10115495
10115496
10115497
10115498
10115499
10115500
10115501
10115502
10115503
10115504
10115505
10115506
10115507
10115508
10115509
10115510
10115511
10115512
10115513
10115514
10115515
10115516
10115517
10115518
10115519
10115520
10115521
10115522
10115523
10115524
10115525
10115526
10115527
10115528
10115529
10115530
10115531
10115532
10115533
10115534
10115535
10115536
10115537
10115538
10115539
10115540
10115541
10115542
10115543
10115544
10115545
10115546
10115547
10115548
10115549
10115550
10115551
10115552
10115553
10115554
10115555
10115556
10115557
10115558
10115559
10115560
10115561
10115562
10115563
10115564
10115565
10115566
10115567
10115568
10115569
10115570
10115571
10115572
10115573
10115574
10115575
10115576
10115577
10115578
10115579
10115580
10115581
10115582
10115583
10115584
10115585
10115586
10115587
10115588
10115589
10115590
10115591
10115592
10115593
10115594
10115595
10115596
10115597
10115598
10115599
10115600
10115601
10115602
10115603
10115604
10115605
10115606
10115607
10115608
10115609
10115610
10115611
10115612
10115613
10115614
10115615
10115616
10115617
10115618
10115619
10115620
10115621
10115622
10115623
10115624
10115625
10115626
10115627
10115628
10115629
10115630
10115631
10115632
10115633
10115634
10115635
10115636
10115637
10115638
10115639
10115640
10115641
10115642
10115643
10115644
10115645
10115646
10115647
10115648
10115649
10115650
10115651
10115652
10115653
10115654
10115655
10115656
10115657
10115658
10115659
10115660
10115661
10115662
10115663
10115664
10115665
10115666
10115667
10115668
10115669
10115670
10115671
10115672
10115673
10115674
10115675
10115676
10115677
10115678
10115679
10115680
10115681
10115682
10115683
10115684
10115685
10115686
10115687
10115688
10115689
10115690
10115691
10115692
10115693
10115694
10115695
10115696
10115697
10115698
10115699
10115700
10115701
10115702
10115703
10115704
10115705
10115706
10115707
10115708
10115709
10115710
10115711
10115712
10115713
10115714
10115715
10115716
10115717
10115718
10115719
10115720
10115721
10115722
10115723
10115724
10115725
10115726
10115727
10115728
10115729
10115730
10115731
10115732
10115733
10115734
10115735
10115736
10115737
10115738
10115739
10115740
10115741
10115742
10115743
10115744
10115745
10115746
10115747
10115748
10115749
10115750
10115751
10115752
10115753
10115754
10115755
10115756
10115757
10115758
10115759
10115760
10115761
10115762
10115763
10115764
10115765
10115766
10115767
10115768
10115769
10115770
10115771
10115772
10115773
10115774
10115775
10115776
10115777
10115778
10115779
10115780
10115781
10115782
10115783
10115784
10115785
10115786
10115787
10115788
10115789
10115790
10115791
10115792
10115793
10115794
10115795
10115796
10115797
10115798
10115799
10115800
10115801
10115802
10115803
10115804
10115805
10115806
10115807
10115808
10115809
10115810
10115811
10115812
10115813
10115814
10115815
10115816
10115817
10115818
10115819
10115820
10115821
10115822
10115823
10115824
10115825
10115826
10115827
10115828
10115829
10115830
10115831
10115832
10115833
10115834
10115835
10115836
10115837
10115838
10115839
10115840
10115841
10115842
10115843
10115844
10115845
10115846
10115847
10115848
10115849
10115850
10115851
10115852
10115853
10115854
10115855
10115856
10115857
10115858
10115859
10115860
10115861
10115862
10115863
10115864
10115865
10115866
10115867
10115868
10115869
10115870
10115871
10115872
10115873
10115874
10115875
10115876
10115877
10115878
10115879
10115880
10115881
10115882
10115883
10115884
10115885
10115886
10115887
10115888
10115889
10115890
10115891
10115892
10115893
10115894
10115895
10115896
10115897
10115898
10115899
10115900
10115901
10115902
10115903
10115904
10115905
10115906
10115907
10115908
10115909
10115910
10115911
10115912
10115913
10115914
10115915
10115916
10115917
10115918
10115919
10115920
10115921
10115922
10115923
10115924
10115925
10115926
10115927
10115928
10115929
10115930
10115931
10115932
10115933
10115934
10115935
10115936
10115937
10115938
10115939
10115940
10115941
10115942
10115943
10115944
10115945
10115946
10115947
10115948
10115949
10115950
10115951
10115952
10115953
10115954
10115955
10115956
10115957
10115958
10115959
10115960
10115961
10115962
10115963
10115964
10115965
10115966
10115967
10115968
10115969
10115970
10115971
10115972
10115973
10115974
10115975
10115976
10115977
10115978
10115979
10115980
10115981
10115982
10115983
10115984
10115985
10115986
10115987
10115988
10115989
10115990
10115991
10115992
10115993
10115994
10115995
10115996
10115997
10115998
10115999
10116000
10116001
10116002
10116003
10116004
10116005
10116006
10116007
10116008
10116009
10116010
10116011
10116012
10116013
10116014
10116015
10116016
10116017
10116018
10116019
10116020
10116021
10116022
10116023
10116024
10116025
10116026
10116027
10116028
10116029
10116030
10116031
10116032
10116033
10116034
10116035
10116036
10116037
10116038
10116039
10116040
10116041
10116042
10116043
10116044
10116045
10116046
10116047
10116048
10116049
10116050
10116051
10116052
10116053
10116054
10116055
10116056
10116057
10116058
10116059
10116060
10116061
10116062
10116063
10116064
10116065
10116066
10116067
10116068
10116069
10116070
10116071
10116072
10116073
10116074
10116075
10116076
10116077
10116078
10116079
10116080
10116081
10116082
10116083
10116084
10116085
10116086
10116087
10116088
10116089
10116090
10116091
10116092
10116093
10116094
10116095
10116096
10116097
10116098
10116099
10116100
10116101
10116102
10116103
10116104
10116105
10116106
10116107
10116108
10116109
10116110
10116111
10116112
10116113
10116114
10116115
10116116
10116117
10116118
10116119
10116120
10116121
10116122
10116123
10116124
10116125
10116126
10116127
10116128
10116129
10116130
10116131
10116132
10116133
10116134
10116135
10116136
10116137
10116138
10116139
10116140
10116141
10116142
10116143
10116144
10116145
10116146
10116147
10116148
10116149
10116150
10116151
10116152
10116153
10116154
10116155
10116156
10116157
10116158
10116159
10116160
10116161
10116162
10116163
10116164
10116165
10116166
10116167
10116168
10116169
10116170
10116171
10116172
10116173
10116174
10116175
10116176
10116177
10116178
10116179
10116180
10116181
10116182
10116183
10116184
10116185
10116186
10116187
10116188
10116189
10116190
10116191
10116192
10116193
10116194
10116195
10116196
10116197
10116198
10116199
10116200
10116201
10116202
10116203
10116204
10116205
10116206
10116207
10116208
10116209
10116210
10116211
10116212
10116213
10116214
10116215
10116216
10116217
10116218
10116219
10116220
10116221
10116222
10116223
10116224
10116225
10116226
10116227
10116228
10116229
10116230
10116231
10116232
10116233
10116234
10116235
10116236
10116237
10116238
10116239
10116240
10116241
10116242
10116243
10116244
10116245
10116246
10116247
10116248
10116249
10116250
10116251
10116252
10116253
10116254
10116255
10116256
10116257
10116258
10116259
10116260
10116261
10116262
10116263
10116264
10116265
10116266
10116267
10116268
10116269
10116270
10116271
10116272
10116273
10116274
10116275
10116276
10116277
10116278
10116279
10116280
10116281
10116282
10116283
10116284
10116285
10116286
10116287
10116288
10116289
10116290
10116291
10116292
10116293
10116294
10116295
10116296
10116297
10116298
10116299
10116300
10116301
10116302
10116303
10116304
10116305
10116306
10116307
10116308
10116309
10116310
10116311
10116312
10116313
10116314
10116315
10116316
10116317
10116318
10116319
10116320
10116321
10116322
10116323
10116324
10116325
10116326
10116327
10116328
10116329
10116330
10116331
10116332
10116333
10116334
10116335
10116336
10116337
10116338
10116339
10116340
10116341
10116342
10116343
10116344
10116345
10116346
10116347
10116348
10116349
10116350
10116351
10116352
10116353
10116354
10116355
10116356
10116357
10116358
10116359
10116360
10116361
10116362
10116363
10116364
10116365
10116366
10116367
10116368
10116369
10116370
10116371
10116372
10116373
10116374
10116375
10116376
10116377
10116378
10116379
10116380
10116381
10116382
10116383
10116384
10116385
10116386
10116387
10116388
10116389
10116390
10116391
10116392
10116393
10116394
10116395
10116396
10116397
10116398
10116399
10116400
10116401
10116402
10116403
10116404
10116405
10116406
10116407
10116408
10116409
10116410
10116411
10116412
10116413
10116414
10116415
10116416
10116417
10116418
10116419
10116420
10116421
10116422
10116423
10116424
10116425
10116426
10116427
10116428
10116429
10116430
10116431
10116432
10116433
10116434
10116435
10116436
10116437
10116438
10116439
10116440
10116441
10116442
10116443
10116444
10116445
10116446
10116447
10116448
10116449
10116450
10116451
10116452
10116453
10116454
10116455
10116456
10116457
10116458
10116459
10116460
10116461
10116462
10116463
10116464
10116465
10116466
10116467
10116468
10116469
10116470
10116471
10116472
10116473
10116474
10116475
10116476
10116477
10116478
10116479
10116480
10116481
10116482
10116483
10116484
10116485
10116486
10116487
10116488
10116489
10116490
10116491
10116492
10116493
10116494
10116495
10116496
10116497
10116498
10116499
10116500
10116501
10116502
10116503
10116504
10116505
10116506
10116507
10116508
10116509
10116510
10116511
10116512
10116513
10116514
10116515
10116516
10116517
10116518
10116519
10116520
10116521
10116522
10116523
10116524
10116525
10116526
10116527
10116528
10116529
10116530
10116531
10116532
10116533
10116534
10116535
10116536
10116537
10116538
10116539
10116540
10116541
10116542
10116543
10116544
10116545
10116546
10116547
10116548
10116549
10116550
10116551
10116552
10116553
10116554
10116555
10116556
10116557
10116558
10116559
10116560
10116561
10116562
10116563
10116564
10116565
10116566
10116567
10116568
10116569
10116570
10116571
10116572
10116573
10116574
10116575
